4294967278,174
4294967278,35
4294967278,34
4294967278,33
4294967278,32
4294967278,31
4294967278,30
4294967278,29
4294967278,28
4294967278,27
4294967278,26
4294967278,25
4294967278,24
4294967278,23
4294967278,22
4294967278,21
4294967278,20
4294967278,19
4294967278,18
4294967278,17
4294967278,16
4294967278,15
4294967278,14
4294967278,13
4294967278,12
4294967278,11
4294967278,10
4294967278,9
4294967278,8
4294967278,7
4294967278,6
4294967278,5
4294967278,4
4294967279,132
4294967279,131
4294967279,130
4294967279,129
4294967279,128
4294967279,127
4294967279,126
4294967279,125
4294967279,124
4294967279,123
4294967279,122
4294967279,121
4294967279,120
4294967279,119
4294967279,118
4294967279,117
4294967279,116
4294967279,115
4294967279,114
4294967279,113
4294967279,112
4294967279,111
4294967279,108
4294967279,106
4294967279,105
4294967279,104
4294967279,102
4294967279,101
4294967279,100
4294967279,99
4294967279,98
4294967279,97
4294967279,96
4294967279,95
4294967279,94
4294967279,174
4294967279,24
4294967279,21
4294967279,20
4294967279,18
4294967279,15
4294967279,14
4294967279,13
4294967279,11
4294967279,110
4294967279,231
4294967279,109
4294967279,229
4294967278,225
4294967279,107
4294967279,225
4294967278,222
4294967279,222
4294967278,220
4294967279,220
4294967278,218
4294967279,217
4294967279,218
4294967278,216
4294967279,103
4294967278,215
4294967278,213
4294967278,212
4294967278,211
4294967278,542
4294967279,348
4294967278,210
27,5
4294967278,208
27,4
4294967278,207
27,3
27,2
27,1
4294967278,541
4294967278,540
4294967278,206
4294967278,205
4294967278,204
26,4
26,3
26,2
26,1
4294967278,203
4294967278,202
4294967278,539
4294967294,387
4294967279,347
4294967279,346
4294967278,538
4294967278,537
4294967278,198
4294967278,197
4294967278,196
4294967278,195
4294967278,192
4294967278,194
25,5
25,4
4294967278,193
25,3
25,2
25,1
4294967278,536
4294967278,191
4294967294,473
4294967278,190
4294967278,535
4294967278,189
4294967294,441
4294967279,345
4294967279,344
4294967278,534
4294967278,185
4294967278,184
4294967278,183
4294967278,182
4294967278,179
4294967278,181
4294967278,180
4294967278,533
4294967278,532
4294967278,175
4294967294,396
4294967294,395
4294967294,419
4294967294,385
4294967294,179
4294967294,1082
4294967294,178
4294967294,384
4294967294,168
4294967294,1045
4294967294,112
4294967294,451
4294967294,467
4294967294,412
4294967294,111
4294967294,456
4294967294,160
4294967278,173
4294967278,172
4294967278,170
4294967278,169
4294967278,168
4294967278,167
4294967278,166
4294967294,390
4294967294,115
4294967294,1086
4294967294,29
4294967294,1052
4294967278,531
4294967278,161
4294967278,160
4294967278,159
4294967278,158
4294967278,157
4294967278,130
4294967278,126
4294967278,124
4294967278,122
4294967278,121
4294967278,249
4294967278,120
4294967278,247
4294967278,119
4294967278,118
4294967278,243
4294967278,117
4294967278,116
4294967278,115
4294967278,114
4294967278,113
4294967278,112
4294967278,233
4294967278,111
4294967278,231
4294967278,110
4294967278,229
4294967278,109
4294967278,227
4294967278,108
4294967278,107
4294967278,223
4294967278,106
4294967278,105
4294967278,104
4294967278,103
4294967278,102
4294967278,101
4294967278,100
4294967278,99
4294967278,98
4294967278,97
4294967278,96
4294967278,95
4294967278,94
4294967278,93
4294967278,92
4294967278,91
4294967278,90
4294967278,89
4294967278,87
4294967278,86
4294967278,85
4294967278,84
4294967278,83
4294967278,82
4294967278,81
4294967278,80
4294967278,79
4294967278,78
4294967278,77
4294967278,76
4294967278,75
4294967278,74
4294967278,73
4294967278,72
4294967278,71
4294967278,70
4294967278,69
4294967278,68
4294967278,67
4294967278,66
4294967278,65
4294967278,64
4294967278,63
4294967278,62
4294967278,61
4294967278,60
4294967278,59
4294967278,58
4294967278,57
4294967278,56
4294967278,55
4294967278,54
4294967278,53
4294967278,52
4294967278,51
4294967278,50
4294967278,49
4294967278,48
4294967278,47
4294967278,46
4294967278,45
4294967278,44
4294967278,43
4294967278,42
4294967278,39
4294967278,37
4294967278,36
4294967279,23
4294967279,22
4294967279,19
4294967279,12
4294967279,10
4294967279,9
4294967279,281
4294967279,4
4294967279,343
4294967279,342
4294967294,426
4294967294,36
4294967294,38
4294967294,39
4294967294,41
4294967294,42
4294967278,530
4294967278,41
4294967279,341
4294967278,40
4294967279,340
